3,1
3,3
10,168
10,146
10,238
10,282
10,112
10,68
10,92
10,118
9,7
8,11
8,7
8,4
8,14
8,5
20,3
20,2
20,1
19,3
19,2
19,1
18,3
18,1
12,3
12,2
12,1
11,29
11,28
11,27
11,26
11,25
11,24
11,23
11,22
11,21
11,20
11,18
11,16
11,14
11,12
11,8
11,6
11,4
11,3
11,2
11,1
10,313
10,312
10,311
10,310
10,309
10,308
10,307
10,306
10,305
10,304
10,303
10,302
10,301
10,300
10,299
10,298
10,297
10,296
10,295
10,294
10,236
10,230
10,212
10,204
10,90
10,72
10,1
10,64
10,3
10,2
9,6
9,1
9,4
9,3
9,2
8,18
8,16
8,13
8,1
8,9
2,2
8,3
2,1
8,2
2,3
3,2
0,0
48,1
48,3
